3
100016
274915.1590886745
0.0
3504.741005566624
225.22359965746324
12.964471013323207
9532.348605078167
0.0
253929.37989002673
195173.43118693004
22613.75414878875
23656.945346735203
11185.252970557292
169.51626221151835
1.4321972155502508E93
1.072290118296932E81
9.887607492827571E90
9.874584506065686E89
4.568006483972718E87
5.548594525953159E91
6.434168145473624E89
1.474548535746811E93
1.1075910205660862E93
1.4309308227133512E92
9.750708640276819E91
4.082951653839882E91
1.9999828979299367E90
4.666523411463833E78
1.1772607539890482E78
3.8546405495114126E74
7.635088452425738E40
1.0198513710573733E76
27.792572952812005
3.837184384074531E78
4.214295273807301E78
5.27567444419873E77
1.3526982776463515E77
